A = [1, -2/5, -1/2; 0, 1, -2/3; 0, 0, 1];
b = [8; -9; 6];
x = A\b;
x

